5 0.05703125 0.57734375 0.1046875 0.47734375
5 0.21328125 0.6046875 0.06875 0.35859375
5 0.12890625 0.61171875 0.0765625 0.33828125
5 0.2734375 0.62109375 0.0671875 0.31484375
5 0.34296875 0.6328125 0.053125 0.24921875
5 0.31484375 0.540625 0.0328125 0.203125
5 0.43203125 0.60390625 0.06015625 0.321875
5 0.49765625 0.5734375 0.06171875 0.31796875
5 0.6265625 0.60390625 0.04921875 0.24609375
5 0.5859375 0.54453125 0.0359375 0.21796875
5 0.81640625 0.61171875 0.06640625 0.1953125
5 0.890625 0.5875 0.059375 0.2140625
5 0.9625 0.5765625 0.053125 0.23046875
6 0.065625 0.51171875 0.08984375 0.16171875
6 0.1265625 0.56015625 0.065625 0.13203125
6 0.209375 0.5453125 0.071875 0.1328125
6 0.278125 0.58046875 0.05546875 0.1234375
6 0.31953125 0.525 0.0421875 0.07421875
6 0.33203125 0.61328125 0.03828125 0.0890625
6 0.42578125 0.54453125 0.05546875 0.10625
6 0.49921875 0.51953125 0.04453125 0.1078125
6 0.6234375 0.56796875 0.04765625 0.0921875
6 0.5546875 0.57890625 0.03984375 0.1
6 0.81796875 0.59140625 0.05546875 0.084375
6 0.89140625 0.55078125 0.05234375 0.078125
6 0.959375 0.5390625 0.04375 0.075
2 0.0671875 0.384375 0.046875 0.02734375
2 0.1328125 0.45703125 0.04609375 0.021875
2 0.20859375 0.4375 0.04296875 0.02578125
2 0.13359375 0.459375 0.03828125 0.02734375
2 0.290625 0.484375 0.03125 0.02265625
2 0.3265625 0.46640625 0.03828125 0.02265625
2 0.340625 0.51953125 0.03984375 0.03203125
2 0.440625 0.45546875 0.034375 0.028125
2 0.51328125 0.434375 0.0390625 0.02734375
2 0.5671875 0.4796875 0.028125 0.02578125
2 0.5921875 0.44375 0.034375 0.025
2 0.62734375 0.4859375 0.03359375 0.01953125
2 0.8234375 0.51796875 0.034375 0.02109375