5 0.08046875 0.52109375 0.1453125 0.9578125
5 0.24609375 0.68203125 0.1734375 0.6359375
5 0.4359375 0.71640625 0.2 0.5671875
5 0.63046875 0.72734375 0.1546875 0.5453125
5 0.76171875 0.675 0.19375 0.64921875
5 0.88046875 0.57109375 0.2359375 0.8578125
2 0.1140625 0.1375 0.13671875 0.0890625
2 0.25859375 0.415625 0.12578125 0.0796875
2 0.4375 0.471875 0.13203125 0.0734375
2 0.62734375 0.50390625 0.103125 0.1015625
2 0.73359375 0.409375 0.1046875 0.06640625
2 0.815625 0.23203125 0.109375 0.06328125
6 0.2640625 0.6921875 0.16328125 0.3453125
6 0.43828125 0.74921875 0.19765625 0.38203125
6 0.6296875 0.76796875 0.16640625 0.334375
6 0.79375 0.6828125 0.1703125 0.31875
4 0.0859375 0.41640625 0.14921875 0.3265625
4 0.8984375 0.5234375 0.203125 0.359375
3 0.10234375 0.22109375 0.09140625 0.090625
3 0.8234375 0.30859375 0.084375 0.07890625