5 0.32734375 0.63359375 0.35234375 0.67734375
5 0.734375 0.5671875 0.1734375 0.4359375
5 0.4703125 0.55390625 0.17265625 0.42734375
5 0.6046875 0.48046875 0.08359375 0.2453125
5 0.659375 0.45546875 0.0609375 0.21640625
2 0.3515625 0.3390625 0.103125 0.065625
2 0.43671875 0.35 0.04453125 0.034375
2 0.596875 0.3734375 0.03671875 0.0203125
2 0.49375 0.3640625 0.06484375 0.0421875
2 0.73046875 0.38671875 0.06953125 0.04296875
2 0.76171875 0.35546875 0.05234375 0.02265625
6 0.3265625 0.53515625 0.1859375 0.253125
6 0.4828125 0.496875 0.1671875 0.19140625
6 0.60625 0.43828125 0.0953125 0.10234375
6 0.7375 0.50234375 0.15546875 0.17265625
6 0.659375 0.403125 0.05859375 0.059375