5 0.1109375 0.7078125 0.221875 0.390625
5 0.35390625 0.7 0.2734375 0.32109375
5 0.63828125 0.19921875 0.30078125 0.30078125
5 0.9046875 0.2359375 0.190625 0.30859375
0 0.165625 0.5890625 0.12265625 0.08828125
0 0.340625 0.61640625 0.13359375 0.09765625
0 0.67421875 0.109375 0.13359375 0.06875
0 0.9265625 0.125 0.13515625 0.06953125
3 0.1421875 0.6375 0.09375 0.06640625
3 0.34140625 0.67578125 0.07890625 0.05
3 0.690625 0.1734375 0.065625 0.065625
3 0.8984375 0.1875 0.084375 0.06640625
6 0.1078125 0.76484375 0.184375 0.228125
6 0.33828125 0.77421875 0.21484375 0.1734375
6 0.6703125 0.2734375 0.2265625 0.16171875
6 0.9203125 0.28671875 0.159375 0.15390625