5 0.56875 0.346875 0.228125 0.571875
5 0.840625 0.40546875 0.26171875 0.50234375
5 0.25234375 0.81328125 0.06796875 0.24140625
5 0.19453125 0.80625 0.0515625 0.209375
5 0.14453125 0.80859375 0.040625 0.16640625
5 0.10703125 0.81328125 0.0203125 0.15625
5 0.06484375 0.79921875 0.0359375 0.1171875
5 0.78359375 0.828125 0.09296875 0.19140625
5 0.92109375 0.8640625 0.09375 0.1453125
5 0.89453125 0.72109375 0.0828125 0.1140625
5 0.7328125 0.78125 0.046875 0.21953125
5 0.8203125 0.765625 0.065625 0.153125
2 0.58046875 0.11875 0.13671875 0.0734375
2 0.79765625 0.209375 0.10625 0.05703125
3 0.584375 0.22890625 0.09453125 0.075
3 0.79921875 0.31328125 0.11015625 0.084375
6 0.57890625 0.490625 0.20703125 0.3765625
6 0.825 0.5140625 0.21171875 0.28984375
6 0.78984375 0.86875 0.0984375 0.11015625
6 0.2640625 0.7703125 0.07890625 0.11015625
6 0.209375 0.765625 0.05 0.09453125
0 0.2015625 0.71484375 0.02265625 0.02421875
0 0.24296875 0.70546875 0.0234375 0.0140625
0 0.87890625 0.69765625 0.0609375 0.046875
0 0.77890625 0.74921875 0.0515625 0.04921875
0 0.9359375 0.79453125 0.05859375 0.0671875
2 0.73046875 0.69453125 0.04609375 0.03671875
2 0.7703125 0.70078125 0.03828125 0.0359375
2 0.91171875 0.81796875 0.0671875 0.05703125
2 0.81484375 0.70078125 0.0484375 0.04453125