5 0.159375 0.5546875 0.24921875 0.70390625
5 0.41953125 0.51875 0.1234375 0.60390625
5 0.5234375 0.4640625 0.13125 0.57421875
5 0.70390625 0.48046875 0.1296875 0.6421875
5 0.840625 0.3296875 0.115625 0.26328125
5 0.67890625 0.06640625 0.06328125 0.08671875
5 0.065625 0.18515625 0.0625 0.1328125
5 0.1125 0.1859375 0.02890625 0.11796875
5 0.26953125 0.33046875 0.0859375 0.39296875
5 0.14921875 0.18359375 0.06484375 0.12421875
5 0.30078125 0.27421875 0.03125 0.28046875
5 0.36953125 0.2234375 0.06875 0.16171875
5 0.41953125 0.16875 0.0515625 0.109375
5 0.4765625 0.21328125 0.05234375 0.165625
0 0.6734375 0.040625 0.03046875 0.025
0 0.85234375 0.24375 0.0546875 0.06875
2 0.71328125 0.21171875 0.06796875 0.05703125
2 0.5640625 0.21328125 0.0484375 0.04609375
2 0.4421875 0.2546875 0.059375 0.05546875
2 0.18515625 0.2546875 0.0671875 0.065625
2 0.06171875 0.13828125 0.02734375 0.01953125
2 0.109375 0.13828125 0.0234375 0.01953125
2 0.134375 0.14765625 0.0234375 0.02421875
2 0.25703125 0.146875 0.0359375 0.02890625
2 0.3015625 0.14921875 0.0203125 0.02421875
2 0.353125 0.16484375 0.034375 0.03515625
2 0.41796875 0.14375 0.0265625 0.0296875
2 0.428125 0.2125 0.0421875 0.02890625
2 0.46484375 0.1515625 0.0296875 0.02109375
3 0.19375 0.32734375 0.04921875 0.03828125
3 0.434375 0.31328125 0.03984375 0.0390625
3 0.57265625 0.27578125 0.0359375 0.025
3 0.6984375 0.28125 0.03984375 0.0328125
3 0.46328125 0.18203125 0.0234375 0.02265625
3 0.35625 0.19765625 0.028125 0.0234375
3 0.30390625 0.17109375 0.021875 0.01875
3 0.2625 0.18125 0.02421875 0.025
3 0.11328125 0.159375 0.01640625 0.0109375
3 0.06484375 0.15859375 0.02109375 0.01640625
3 0.67109375 0.0640625 0.021875 0.01796875