5 0.31640625 0.51796875 0.1921875 0.9640625
5 0.55703125 0.471875 0.13046875 0.6453125
5 0.78046875 0.56328125 0.2453125 0.6796875
5 0.4625 0.46875 0.13984375 0.71484375
5 0.6703125 0.44609375 0.14921875 0.54921875
2 0.3671875 0.07265625 0.07109375 0.04765625
2 0.4515625 0.13671875 0.06328125 0.0375
0 0.590625 0.171875 0.06015625 0.0453125
2 0.64609375 0.18828125 0.05625 0.0359375
0 0.70703125 0.2484375 0.0875 0.059375
3 0.359375 0.1484375 0.06328125 0.05546875
3 0.44921875 0.18671875 0.0546875 0.0359375
3 0.59140625 0.234375 0.0578125 0.059375
3 0.70078125 0.29921875 0.046875 0.04921875
3 0.6484375 0.22734375 0.03671875 0.03046875
6 0.33828125 0.334375 0.153125 0.3
6 0.4484375 0.31875 0.11484375 0.1890625
6 0.765625 0.4625 0.20390625 0.25859375
6 0.56484375 0.3953125 0.15 0.2828125