5 0.22578125 0.65390625 0.24375 0.58515625
5 0.40546875 0.68125 0.1546875 0.6234375
5 0.59453125 0.6703125 0.27890625 0.659375
3 0.2515625 0.48125 0.09296875 0.10078125
3 0.37265625 0.48984375 0.134375 0.10234375
4 0.5359375 0.47421875 0.1203125 0.1046875
4 0.2390625 0.66875 0.228125 0.28203125
6 0.39140625 0.6515625 0.17421875 0.29296875
3 0.5890625 0.6484375 0.209375 0.29296875
0 0.25625 0.39453125 0.1625 0.10859375
0 0.3953125 0.42734375 0.13359375 0.08671875
0 0.54765625 0.39375 0.13046875 0.09921875