0 0.16953125 0.50703125 0.08125 0.0484375
0 0.33125 0.50859375 0.096875 0.06640625
0 0.4953125 0.5359375 0.08125 0.046875
0 0.71484375 0.56171875 0.07265625 0.07421875
0 0.84453125 0.5296875 0.0671875 0.03125
3 0.15625 0.55703125 0.05546875 0.040625
3 0.3046875 0.5390625 0.046875 0.0296875
3 0.496875 0.578125 0.03203125 0.03046875
3 0.68984375 0.58125 0.03984375 0.034375
3 0.83671875 0.56640625 0.040625 0.02890625
4 0.07734375 0.62265625 0.13671875 0.14765625
4 0.309375 0.59140625 0.12890625 0.09609375
4 0.48984375 0.61328125 0.1328125 0.08125
4 0.66640625 0.63671875 0.071875 0.11015625
4 0.9359375 0.58984375 0.11796875 0.1109375
5 0.1234375 0.6453125 0.2015625 0.35703125
5 0.30546875 0.5875 0.1421875 0.25546875
5 0.49296875 0.62265625 0.14609375 0.20703125
5 0.68515625 0.621875 0.12734375 0.18828125
5 0.89375 0.5984375 0.1828125 0.21015625
7 0.77421875 0.28828125 0.09765625 0.54921875