0 0.5703125 0.35546875 0.0953125 0.06171875
0 0.6625 0.34609375 0.0890625 0.0984375
0 0.92109375 0.3640625 0.1234375 0.07890625
5 0.48203125 0.6 0.196875 0.75546875
5 0.66875 0.6390625 0.1359375 0.721875
5 0.890625 0.6625 0.21875 0.665625
3 0.5453125 0.40859375 0.0734375 0.06015625
3 0.665625 0.415625 0.084375 0.05078125
3 0.9171875 0.42265625 0.10234375 0.053125
6 0.48671875 0.53984375 0.15703125 0.2671875
6 0.6640625 0.575 0.10234375 0.27109375
6 0.9171875 0.61015625 0.16484375 0.33125
8 0.11171875 0.428125 0.07734375 0.078125