5 0.8015625 0.5734375 0.18984375 0.51796875
5 0.2046875 0.4984375 0.1390625 0.44296875
5 0.4171875 0.50703125 0.1328125 0.37265625
5 0.5484375 0.4359375 0.08359375 0.21484375
5 0.67265625 0.54921875 0.10234375 0.3859375
5 0.86484375 0.39453125 0.0765625 0.146875
5 0.97109375 0.475 0.0578125 0.20625
0 0.20390625 0.33359375 0.08515625 0.05625
0 0.39921875 0.35546875 0.0734375 0.0484375
0 0.52421875 0.353125 0.059375 0.03203125
0 0.665625 0.38359375 0.0703125 0.06875
0 0.71953125 0.3703125 0.07421875 0.0640625
0 0.85625 0.34375 0.05546875 0.04765625
0 0.9765625 0.359375 0.046875 0.03828125
3 0.19921875 0.3609375 0.065625 0.0453125
3 0.409375 0.38203125 0.0609375 0.03203125
3 0.521875 0.365625 0.03046875 0.015625
3 0.6578125 0.4171875 0.04765625 0.03125
3 0.725 0.39296875 0.04375 0.0296875
3 0.86328125 0.371875 0.0453125 0.025
3 0.98125 0.37578125 0.0375 0.0296875
4 0.19140625 0.45703125 0.11875 0.18515625
4 0.4203125 0.44765625 0.10546875 0.128125
4 0.54375 0.415625 0.06953125 0.08203125
4 0.678125 0.46796875 0.134375 0.134375
4 0.809375 0.465625 0.09375 0.1640625
4 0.8671875 0.4171875 0.0546875 0.10078125
4 0.9796875 0.42734375 0.0390625 0.0984375