5 0.09765625 0.528125 0.18515625 0.45234375
5 0.21328125 0.5140625 0.14453125 0.49375
5 0.3015625 0.440625 0.14453125 0.40546875
5 0.78203125 0.4875 0.15703125 0.4578125
0 0.9328125 0.53046875 0.13359375 0.55078125
0 0.0375 0.3453125 0.06796875 0.0453125
0 0.24453125 0.3421875 0.06171875 0.065625
0 0.31015625 0.29921875 0.0953125 0.0953125
0 0.78671875 0.2953125 0.0859375 0.07421875
7 0.95 0.290625 0.07734375 0.08515625
4 0.49921875 0.2921875 0.453125 0.55625
4 0.09140625 0.43125 0.12421875 0.1296875
4 0.1859375 0.42421875 0.10078125 0.17421875
4 0.3 0.39296875 0.1171875 0.16015625
4 0.815625 0.43515625 0.078125 0.2046875
3 0.91953125 0.4375 0.09921875 0.24375
3 0.0234375 0.36953125 0.046875 0.0421875
3 0.25078125 0.36875 0.04609375 0.046875
3 0.7875 0.31796875 0.06171875 0.059375
3 0.9359375 0.309375 0.07265625 0.0671875