5 0.0890625 0.696875 0.1265625 0.60625
5 0.31875 0.65234375 0.21875 0.6953125
5 0.56015625 0.69140625 0.2578125 0.6171875
5 0.85 0.665625 0.2421875 0.66875
5 0.703125 0.58125 0.096875 0.22890625
5 0.965625 0.571875 0.06875 0.425
0 0.16015625 0.440625 0.1234375 0.0890625
0 0.32265625 0.390625 0.159375 0.096875
0 0.6140625 0.42890625 0.1234375 0.07578125
0 0.81015625 0.42421875 0.18671875 0.0875
0 0.71875 0.46640625 0.06953125 0.046875
0 0.97265625 0.41484375 0.0546875 0.0953125
4 0.10546875 0.6703125 0.14453125 0.32734375
4 0.2921875 0.75 0.24140625 0.47890625
4 0.571875 0.784375 0.228125 0.40859375
4 0.68515625 0.59921875 0.103125 0.15703125
4 0.87578125 0.76953125 0.2453125 0.38984375
4 0.96953125 0.5859375 0.0609375 0.23125
3 0.31484375 0.475 0.1359375 0.13359375
3 0.5890625 0.52578125 0.0875 0.08984375
3 0.7984375 0.53671875 0.14921875 0.11484375
3 0.1421875 0.484375 0.09375 0.0546875
8 0.50390625 0.60078125 0.2125 0.24375