5 0.24375 0.63359375 0.30625 0.7328125
5 0.52578125 0.59609375 0.2609375 0.8078125
5 0.796875 0.609375 0.2328125 0.78125
0 0.24609375 0.03125 0.1859375 0.0625
0 0.50546875 0.0484375 0.18046875 0.09609375
0 0.75625 0.06875 0.18984375 0.13046875
0 0.25234375 0.35390625 0.19609375 0.13828125
0 0.521875 0.303125 0.15546875 0.11640625
0 0.7609375 0.278125 0.14296875 0.09765625
6 0.2546875 0.65078125 0.24609375 0.43359375
6 0.5421875 0.58515625 0.2609375 0.3953125
6 0.775 0.5828125 0.22421875 0.3703125
3 0.259375 0.409375 0.13984375 0.08359375
3 0.52265625 0.384375 0.12421875 0.12734375
3 0.73359375 0.3578125 0.14453125 0.11171875