5 0.6640625 0.49296875 0.45 0.98515625
5 0.22578125 0.27734375 0.40703125 0.41171875
0 0.25 0.6640625 0.2359375 0.4609375
0 0.53046875 0.0921875 0.18984375 0.1703125
0 0.396875 0.36875 0.08828125 0.14375
3 0.2609375 0.4546875 0.1125 0.10390625
3 0.5296875 0.19375 0.17109375 0.08828125
4 0.37578125 0.36640625 0.06328125 0.05859375
4 0.63125 0.3359375 0.32890625 0.27578125
4 0.31015625 0.24140625 0.28359375 0.33046875
8 0.240625 0.66484375 0.19609375 0.29765625
8 0.490625 0.7265625 0.14453125 0.49765625