5 0.1421875 0.628125 0.20078125 0.74296875
5 0.3765625 0.65625 0.24921875 0.6453125
5 0.82734375 0.65703125 0.3328125 0.6859375
0 0.2125 0.69609375 0.1234375 0.60390625
0 0.17734375 0.31953125 0.14296875 0.121875
0 0.809375 0.40234375 0.184375 0.1375
0 0.44453125 0.396875 0.15546875 0.1453125
6 0.23046875 0.39296875 0.125 0.078125
6 0.11171875 0.69921875 0.15390625 0.4328125
6 0.353125 0.6 0.16875 0.3109375
5 0.865625 0.73984375 0.25234375 0.47265625
6 0.21015625 0.58203125 0.13515625 0.2375
3 0.17890625 0.40234375 0.13203125 0.09296875
3 0.43515625 0.42578125 0.1171875 0.0875
3 0.80234375 0.46171875 0.1671875 0.08359375