5 0.30546875 0.59765625 0.2609375 0.8046875
5 0.4078125 0.4640625 0.0875 0.31015625
5 0.459375 0.50546875 0.1046875 0.3890625
5 0.5375 0.515625 0.10859375 0.3953125
0 0.8046875 0.5640625 0.34296875 0.7984375
0 0.32421875 0.246875 0.13828125 0.084375
0 0.4609375 0.36015625 0.06171875 0.05703125
0 0.5359375 0.325 0.075 0.08125
0 0.7640625 0.22421875 0.20234375 0.1078125
0 0.35546875 0.10234375 0.1734375 0.0796875
3 0.7796875 0.115625 0.1703125 0.0921875
4 0.39765625 0.359375 0.06640625 0.059375
6 0.521875 0.478125 0.1375 0.1609375
6 0.3359375 0.5515625 0.16796875 0.28671875
3 0.75078125 0.55625 0.25859375 0.359375
3 0.31875 0.31796875 0.1140625 0.09453125
3 0.77578125 0.290625 0.128125 0.1296875
3 0.39609375 0.3578125 0.059375 0.053125
3 0.5296875 0.3765625 0.05546875 0.06171875
3 0.78359375 0.046875 0.121875 0.0875
3 0.325 0.04375 0.1328125 0.06640625