5 0.28203125 0.434375 0.06640625 0.1890625
5 0.43671875 0.3984375 0.06640625 0.2296875
5 0.65078125 0.64296875 0.07109375 0.1671875
5 0.76796875 0.64765625 0.06875 0.13671875
0 0.26484375 0.3734375 0.0265625 0.03203125
0 0.440625 0.32734375 0.0203125 0.02578125
0 0.671875 0.5859375 0.01953125 0.03125
0 0.75625 0.6 0.02265625 0.028125
6 0.28203125 0.40703125 0.0296875 0.03046875
6 0.44375 0.35859375 0.03046875 0.0484375
6 0.646875 0.60078125 0.028125 0.04765625
6 0.771875 0.63359375 0.0453125 0.03984375