5 0.19921875 0.61171875 0.09609375 0.25
5 0.38203125 0.56640625 0.05625 0.1515625
5 0.796875 0.403125 0.06484375 0.26171875
5 0.71640625 0.71640625 0.10390625 0.38828125
5 0.90234375 0.55859375 0.07265625 0.36875
5 0.55078125 0.81328125 0.15 0.3734375
5 0.590625 0.59609375 0.08359375 0.32890625
0 0.23359375 0.55546875 0.0296875 0.05546875
0 0.3828125 0.52109375 0.02578125 0.04140625
0 0.7984375 0.30859375 0.021875 0.025
0 0.89375 0.41875 0.03125 0.04140625
0 0.615625 0.53046875 0.0375 0.06796875
0 0.70703125 0.5625 0.04296875 0.05546875
0 0.50703125 0.70625 0.05859375 0.0953125
6 0.19921875 0.59609375 0.05234375 0.12578125
6 0.5546875 0.82890625 0.10234375 0.22421875
6 0.734375 0.675 0.05625 0.16171875
6 0.6 0.61171875 0.03828125 0.1453125
6 0.79609375 0.36796875 0.034375 0.08828125
6 0.90078125 0.5078125 0.0546875 0.12265625