5 0.19453125 0.278125 0.24140625 0.4453125
5 0.4125 0.2875 0.17734375 0.434375
5 0.66328125 0.246875 0.2921875 0.49375
5 0.06171875 0.8046875 0.03828125 0.22109375
5 0.09296875 0.784375 0.06875 0.265625
5 0.17734375 0.7890625 0.06875 0.24453125
5 0.246875 0.790625 0.05078125 0.23671875
5 0.371875 0.78046875 0.0609375 0.2828125
5 0.43984375 0.79609375 0.059375 0.23984375
5 0.70390625 0.7453125 0.40390625 0.509375
0 0.13828125 0.14921875 0.10390625 0.16875
0 0.7046875 0.10703125 0.12578125 0.13671875
0 0.115625 0.71875 0.025 0.0640625
0 0.1890625 0.696875 0.03046875 0.03125
0 0.26015625 0.70625 0.02421875 0.03125
0 0.3890625 0.6875 0.02421875 0.03828125
0 0.42578125 0.7 0.0265625 0.0296875
0 0.7703125 0.65625 0.19453125 0.3125
3 0.1359375 0.23828125 0.046875 0.0765625
3 0.36953125 0.23671875 0.084375 0.10390625
3 0.75703125 0.81796875 0.06640625 0.13984375
2 0.384375 0.13984375 0.1 0.09765625
4 0.22578125 0.33203125 0.13671875 0.25703125
4 0.47265625 0.353125 0.11640625 0.25078125
4 0.65546875 0.83984375 0.3234375 0.3203125
6 0.6234375 0.3515625 0.1875 0.2625
6 0.06328125 0.778125 0.02734375 0.07265625
6 0.09140625 0.759375 0.0390625 0.08671875
6 0.18046875 0.74609375 0.03984375 0.09375
6 0.24609375 0.759375 0.04296875 0.0890625
6 0.37265625 0.74609375 0.04140625 0.0921875
6 0.4453125 0.75703125 0.04453125 0.09296875
1 0.4234375 0.7265625 0.0125 0.02109375