5 0.09609375 0.33125 0.10390625 0.24609375
5 0.27734375 0.2765625 0.0765625 0.215625
5 0.6078125 0.4046875 0.11796875 0.16796875
5 0.653125 0.29140625 0.06328125 0.1546875
5 0.74453125 0.42578125 0.08359375 0.35703125
5 0.7734375 0.28828125 0.04609375 0.17578125
5 0.8078125 0.33671875 0.05625 0.07265625
0 0.07265625 0.22421875 0.02734375 0.03203125
0 0.28203125 0.190625 0.02890625 0.03828125
0 0.653125 0.36796875 0.025 0.04296875
0 0.7625 0.278125 0.0359375 0.05
0 0.77890625 0.21328125 0.025 0.03671875
4 0.0828125 0.28671875 0.03671875 0.06953125
4 0.278125 0.24296875 0.0375 0.06015625
4 0.60390625 0.36640625 0.05859375 0.07578125
4 0.65703125 0.271875 0.0453125 0.06171875
4 0.7484375 0.37734375 0.053125 0.125
4 0.77890625 0.25625 0.040625 0.05859375
2 0.64921875 0.23984375 0.01953125 0.01875
4 0.815625 0.321875 0.04375 0.02890625