7 0.41640625 0.425 0.8328125 0.69921875
5 0.178125 0.278125 0.0578125 0.08125
5 0.3984375 0.45234375 0.0265625 0.134375
5 0.50390625 0.4546875 0.03515625 0.11875
5 0.41953125 0.45390625 0.02578125 0.13125
5 0.53203125 0.38515625 0.03515625 0.1046875
5 0.8046875 0.58125 0.1 0.19296875
5 0.75390625 0.47734375 0.00078125 0.00078125
5 0.9203125 0.4671875 0.06796875 0.27109375
8 0.56875 0.48125 0.03515625 0.0984375
2 0.1875 0.25234375 0.03515625 0.0328125
2 0.40234375 0.396875 0.0171875 0.01015625
2 0.42421875 0.40078125 0.01328125 0.01171875
2 0.50625 0.4078125 0.0125 0.01171875
2 0.815625 0.53984375 0.021875 0.02265625
2 0.9421875 0.39609375 0.02578125 0.0265625
0 0.98984375 0.396875 0.0203125 0.0328125
0 0.91640625 0.36640625 0.04140625 0.0375
6 0.92734375 0.46484375 0.05390625 0.11171875
6 0.53984375 0.3625 0.01875 0.0375
6 0.5046875 0.4453125 0.0234375 0.05
6 0.42265625 0.440625 0.01875 0.0515625
4 0.39765625 0.434375 0.0140625 0.05078125
4 0.18203125 0.29609375 0.04140625 0.04609375