5 0.4765625 0.81328125 0.0484375 0.20078125
5 0.63828125 0.67265625 0.0640625 0.096875
5 0.8484375 0.8609375 0.03125 0.13203125
5 0.79375 0.821875 0.04765625 0.10234375
5 0.73359375 0.74921875 0.04296875 0.19609375
5 0.74140625 0.6796875 0.053125 0.1
5 0.96640625 0.8484375 0.06640625 0.0953125
5 0.84453125 0.26015625 0.04296875 0.11484375
5 0.8890625 0.23359375 0.0421875 0.11328125
5 0.79921875 0.2859375 0.0375 0.10625
5 0.80703125 0.17265625 0.03984375 0.13359375
5 0.7578125 0.14296875 0.05078125 0.196875
5 0.52109375 0.3078125 0.04140625 0.19765625
5 0.45 0.3265625 0.0515625 0.2140625
5 0.38984375 0.296875 0.03984375 0.178125
5 0.3328125 0.30234375 0.0359375 0.1734375
5 0.3109375 0.33984375 0.05546875 0.19921875
5 0.08828125 0.04921875 0.0578125 0.0984375
5 0.5359375 0.04609375 0.03984375 0.09140625
5 0.4328125 0.07734375 0.05078125 0.1328125
5 0.5125 0.1796875 0.046875 0.153125
0 0.48046875 0.73203125 0.03046875 0.0296875
0 0.62421875 0.64140625 0.02578125 0.028125
0 0.72578125 0.653125 0.0203125 0.02734375
0 0.78046875 0.79609375 0.02265625 0.03671875
0 0.7390625 0.665625 0.02265625 0.03125
0 0.84921875 0.81796875 0.02109375 0.028125
0 0.9515625 0.815625 0.02265625 0.03203125
0 0.88359375 0.20390625 0.01875 0.0265625
0 0.85078125 0.22578125 0.02109375 0.02890625
0 0.8015625 0.1234375 0.021875 0.03046875
0 0.7609375 0.06796875 0.0203125 0.02734375
0 0.51484375 0.228125 0.02265625 0.02890625
0 0.5 0.12109375 0.021875 0.02890625
0 0.42734375 0.0296875 0.01875 0.0265625
0 0.30234375 0.26015625 0.021875 0.03359375
4 0.4734375 0.78984375 0.0296875 0.06640625
4 0.646875 0.66953125 0.0359375 0.05859375
4 0.73359375 0.70859375 0.03359375 0.07734375
4 0.75078125 0.6859375 0.0359375 0.0671875
4 0.79140625 0.82109375 0.0484375 0.07890625
4 0.84453125 0.8625 0.025 0.06328125
4 0.9765625 0.83515625 0.046875 0.0515625
4 0.89140625 0.23828125 0.0296875 0.0484375
4 0.846875 0.2734375 0.02265625 0.059375
4 0.80078125 0.296875 0.02734375 0.0671875
4 0.80546875 0.16875 0.03359375 0.0578125
4 0.7578125 0.11640625 0.03046875 0.06171875
4 0.521875 0.2890625 0.0265625 0.07109375
4 0.45390625 0.3078125 0.02578125 0.0640625
4 0.30625 0.31015625 0.034375 0.0625
4 0.09140625 0.04921875 0.03515625 0.07421875
3 0.0796875 0.00859375 0.01875 0.01640625
3 0.80625 0.13828125 0.0109375 0.0140625
3 0.8515625 0.83203125 0.01640625 0.0140625
3 0.73984375 0.68359375 0.01328125 0.01640625
3 0.48203125 0.7515625 0.01796875 0.01484375