5 0.20703125 0.91640625 0.05859375 0.16640625
5 0.2328125 0.834375 0.05078125 0.18203125
5 0.7140625 0.88671875 0.05625 0.11796875
5 0.29609375 0.05078125 0.0421875 0.10078125
8 0.47890625 0.35625 0.73359375 0.42421875
4 0.29140625 0.02109375 0.02265625 0.03203125
4 0.2078125 0.90390625 0.0484375 0.0765625
4 0.2296875 0.8203125 0.03359375 0.06875
4 0.71171875 0.88125 0.02578125 0.0578125
0 0.20234375 0.8484375 0.01796875 0.0234375
0 0.23125 0.7640625 0.0203125 0.0203125
0 0.7265625 0.8421875 0.021875 0.03203125