5 0.0921875 0.84609375 0.06015625 0.2046875
5 0.32421875 0.7765625 0.04609375 0.2109375
5 0.4125 0.76953125 0.05234375 0.1796875
5 0.62421875 0.65 0.04765625 0.1859375
5 0.79921875 0.79609375 0.05703125 0.18046875
5 0.778125 0.78671875 0.06484375 0.1078125
5 0.8921875 0.678125 0.0421875 0.209375
5 0.8015625 0.34921875 0.0453125 0.184375
5 0.6515625 0.5 0.04765625 0.07734375
5 0.609375 0.44453125 0.0390625 0.059375
5 0.61875 0.4734375 0.046875 0.065625
5 0.5765625 0.20703125 0.05078125 0.0734375
5 0.49140625 0.19765625 0.04375 0.059375
5 0.44140625 0.2203125 0.040625 0.0671875
5 0.24375 0.16953125 0.06171875 0.1265625
5 0.23125 0.33828125 0.04609375 0.16796875
5 0.109375 0.07890625 0.05546875 0.1578125
5 0.01171875 0.06484375 0.0234375 0.1296875
0 0.1015625 0.76875 0.025 0.0296875
0 0.31796875 0.6953125 0.02109375 0.025
0 0.4046875 0.6953125 0.02109375 0.0171875
0 0.63671875 0.58359375 0.0203125 0.0296875
0 0.75859375 0.765625 0.0140625 0.0359375
0 0.78203125 0.71796875 0.021875 0.03125
0 0.90703125 0.6078125 0.02265625 0.0421875
0 0.80390625 0.28359375 0.0234375 0.02578125
0 0.63359375 0.4765625 0.01875 0.0296875
0 0.596875 0.428125 0.01328125 0.02421875
0 0.62109375 0.46640625 0.015625 0.0265625
0 0.6078125 0.45234375 0.015625 0.02421875
0 0.58359375 0.18671875 0.0203125 0.02890625
0 0.478125 0.1890625 0.01875 0.02890625
0 0.43046875 0.20390625 0.015625 0.02890625
0 0.240625 0.15390625 0.02109375 0.03046875
0 0.23515625 0.2703125 0.02109375 0.0296875
0 0.009375 0.02109375 0.01796875 0.0265625
4 0.09609375 0.8125 0.03125 0.05234375
4 0.328125 0.75390625 0.02734375 0.0625
4 0.41328125 0.74921875 0.02421875 0.06484375
4 0.62109375 0.62265625 0.02734375 0.053125
4 0.79765625 0.76328125 0.02578125 0.0578125
4 0.7890625 0.7546875 0.04140625 0.03203125
4 0.890625 0.646875 0.03125 0.06640625
4 0.80078125 0.32890625 0.03046875 0.059375
4 0.65859375 0.4875 0.03046875 0.04453125
4 0.62890625 0.45703125 0.02734375 0.0296875
4 0.6140625 0.43203125 0.0296875 0.02734375
4 0.57578125 0.20078125 0.03359375 0.0375
4 0.49296875 0.20859375 0.028125 0.02734375
4 0.446875 0.2203125 0.0375 0.02734375
4 0.2265625 0.31796875 0.02421875 0.06796875
4 0.11171875 0.04765625 0.0296875 0.059375