5 0.16875 0.31328125 0.1359375 0.4015625
5 0.2859375 0.28671875 0.153125 0.46328125
5 0.41484375 0.26171875 0.1578125 0.5015625
5 0.5875 0.740625 0.1609375 0.51875
5 0.925 0.790625 0.15 0.41875
5 0.74453125 0.7609375 0.19765625 0.478125
7 0.24453125 0.76640625 0.43671875 0.46640625
7 0.8140625 0.24296875 0.371875 0.4859375
0 0.1734375 0.17109375 0.0640625 0.075
0 0.271875 0.12109375 0.08515625 0.0796875
0 0.390625 0.08203125 0.11484375 0.09296875
0 0.58515625 0.540625 0.1125 0.09921875
0 0.79375 0.6234375 0.09375 0.1171875
0 0.9203125 0.671875 0.08828125 0.10390625
3 0.17421875 0.26171875 0.05078125 0.04609375
3 0.2640625 0.18984375 0.0578125 0.06171875
3 0.3765625 0.18671875 0.04453125 0.06875
3 0.58984375 0.65625 0.0796875 0.0828125
3 0.7953125 0.7140625 0.06328125 0.084375
3 0.9125 0.75703125 0.07109375 0.09140625
4 0.17265625 0.40234375 0.103125 0.24609375
4 0.43671875 0.3703125 0.12734375 0.25859375
4 0.5765625 0.85546875 0.1765625 0.2890625
4 0.925 0.884375 0.15 0.23125
6 0.28984375 0.3625 0.1359375 0.26328125
6 0.7828125 0.8625 0.1375 0.275