5 0.11953125 0.57578125 0.2390625 0.8484375
5 0.59765625 0.82734375 0.04375 0.17734375
5 0.68984375 0.8796875 0.0640625 0.240625
5 0.7921875 0.73046875 0.0578125 0.15859375
0 0.13515625 0.2328125 0.128125 0.13984375
0 0.60390625 0.75390625 0.03203125 0.028125
0 0.70078125 0.784375 0.028125 0.03515625
0 0.803125 0.684375 0.02734375 0.0296875
4 0.08828125 0.5234375 0.165625 0.3703125
4 0.59375 0.79453125 0.02734375 0.05078125
4 0.69453125 0.8484375 0.0453125 0.07578125
4 0.79609375 0.72421875 0.03359375 0.05234375
3 0.69765625 0.8 0.01640625 0.015625
8 0.81796875 0.11484375 0.06796875 0.05078125