5 0.16796875 0.4828125 0.15546875 0.7921875
5 0.31875 0.50703125 0.11015625 0.5828125
5 0.4765625 0.4875 0.0953125 0.63359375
5 0.40234375 0.47421875 0.08671875 0.45859375
5 0.53125 0.37109375 0.0859375 0.28828125
5 0.59296875 0.51484375 0.1328125 0.51796875
5 0.76796875 0.6359375 0.11796875 0.54921875
5 0.65859375 0.55 0.1203125 0.5171875
0 0.17265625 0.14140625 0.07109375 0.084375
0 0.3203125 0.2546875 0.07578125 0.05546875
0 0.3984375 0.2671875 0.0375 0.0421875
0 0.4765625 0.221875 0.05390625 0.08203125
0 0.53515625 0.26171875 0.03671875 0.06015625
0 0.609375 0.2890625 0.0515625 0.075
0 0.79453125 0.4015625 0.05546875 0.0734375
2 0.675 0.31640625 0.05625 0.03828125
6 0.1546875 0.38046875 0.1078125 0.309375
6 0.31171875 0.446875 0.0828125 0.2578125
6 0.39375 0.4109375 0.0671875 0.1671875
6 0.471875 0.41328125 0.1 0.26796875
6 0.58359375 0.43125 0.0921875 0.2375
6 0.525 0.36171875 0.08046875 0.16328125
6 0.759375 0.58125 0.10859375 0.2890625
4 0.64609375 0.503125 0.08984375 0.22578125