5 0.07734375 0.571875 0.1546875 0.85625
5 0.26875 0.4125 0.21484375 0.4953125
5 0.57421875 0.5953125 0.22421875 0.809375
5 0.84296875 0.4734375 0.23515625 0.53828125
5 0.38125 0.64453125 0.309375 0.7109375
0 0.040625 0.265625 0.08046875 0.18515625
0 0.2453125 0.25390625 0.096875 0.17265625
0 0.3859375 0.40546875 0.13359375 0.19921875
0 0.57109375 0.28671875 0.11328125 0.12734375
0 0.859375 0.2671875 0.090625 0.11171875
6 0.8578125 0.459375 0.15234375 0.23046875
6 0.5578125 0.51953125 0.15 0.26875
6 0.39765625 0.740625 0.18828125 0.3984375
6 0.265625 0.47734375 0.159375 0.253125
6 0.07734375 0.47578125 0.1546875 0.346875