5 0.33359375 0.72578125 0.059375 0.15859375
5 0.3515625 0.390625 0.0421875 0.13984375
5 0.58828125 0.38515625 0.03359375 0.1359375
5 0.64921875 0.4390625 0.03046875 0.15703125
5 0.72109375 0.3984375 0.046875 0.0578125
0 0.328125 0.65078125 0.0171875 0.0171875
0 0.65 0.3796875 0.01484375 0.021875
0 0.7203125 0.3796875 0.0234375 0.01953125
0 0.57421875 0.28671875 0.009375 0.01484375
5 0.5890625 0.33984375 0.05 0.12890625
0 0.35390625 0.3453125 0.01953125 0.021875
4 0.35078125 0.38984375 0.025 0.05625
4 0.584375 0.3625 0.02890625 0.04609375
4 0.596875 0.315625 0.0234375 0.05625
4 0.6484375 0.4171875 0.02734375 0.04609375
4 0.721875 0.41171875 0.028125 0.03203125
4 0.33671875 0.69921875 0.025 0.05234375
0 0.584375 0.32421875 0.01796875 0.01875