5 0.16875 0.59609375 0.0515625 0.16171875
5 0.2703125 0.646875 0.05 0.11875
5 0.20234375 0.5125 0.03671875 0.0890625
5 0.25703125 0.49296875 0.04453125 0.1703125
5 0.1984375 0.40859375 0.0296875 0.13984375
5 0.1640625 0.38984375 0.02890625 0.11171875
5 0.4203125 0.27578125 0.03828125 0.1703125
5 0.7625 0.40859375 0.04296875 0.196875
5 0.70390625 0.5 0.0296875 0.19921875
5 0.9015625 0.4296875 0.0359375 0.09609375
0 0.17421875 0.5265625 0.021875 0.02265625
0 0.2796875 0.5953125 0.02265625 0.03046875
0 0.196875 0.478125 0.01796875 0.0265625
0 0.19609375 0.35078125 0.0171875 0.01796875
0 0.246875 0.4296875 0.01796875 0.02734375
0 0.325 0.39609375 0.01484375 0.01640625
0 0.42265625 0.20078125 0.0171875 0.021875
0 0.7015625 0.4171875 0.0125 0.01953125
0 0.76015625 0.33125 0.01953125 0.0234375
0 0.9 0.39453125 0.02421875 0.01484375
0 0.99609375 0.4890625 0.0078125 0.01953125
5 0.9875 0.5671875 0.02421875 0.20078125
4 0.990625 0.54140625 0.01796875 0.06875
4 0.76171875 0.38203125 0.02890625 0.05703125
4 0.70625 0.47265625 0.02578125 0.06796875
4 0.4203125 0.246875 0.025 0.05703125
4 0.3265625 0.43359375 0.03515625 0.04921875
4 0.26796875 0.625 0.03046875 0.07109375
4 0.16328125 0.59140625 0.03359375 0.084375
4 0.20546875 0.52421875 0.0296875 0.05859375
6 0.25859375 0.4796875 0.03046875 0.06328125
6 0.19609375 0.40078125 0.028125 0.046875
5 0.3265625 0.465625 0.05 0.1765625