5 0.23984375 0.7609375 0.18671875 0.47734375
5 0.78046875 0.36875 0.028125 0.16171875
5 0.8359375 0.3765625 0.03671875 0.15
5 0.8015625 0.3734375 0.02890625 0.14453125
5 0.63828125 0.771875 0.17890625 0.1953125
5 0.8359375 0.71875 0.0765625 0.1640625
5 0.85078125 0.86328125 0.13515625 0.215625
0 0.2625 0.62421875 0.0875 0.15078125
0 0.7890625 0.3046875 0.021875 0.0234375
0 0.83125 0.32734375 0.01953125 0.0296875
0 0.803125 0.31640625 0.01953125 0.0265625
0 0.834375 0.665625 0.03359375 0.0734375
0 0.846875 0.78125 0.03125 0.0453125
0 0.571875 0.76328125 0.03515625 0.0875
4 0.24375 0.7765625 0.140625 0.30546875
4 0.7765625 0.36484375 0.02109375 0.09375
4 0.8328125 0.371875 0.03671875 0.06171875
4 0.7984375 0.3796875 0.0296875 0.08671875
4 0.63828125 0.753125 0.0875 0.1046875
4 0.834375 0.721875 0.06484375 0.1140625
4 0.865625 0.87109375 0.096875 0.1484375