5 0.21171875 0.55078125 0.07890625 0.16171875
5 0.26640625 0.54453125 0.07265625 0.175
5 0.44140625 0.5375 0.07421875 0.13671875
0 0.29921875 0.47421875 0.0296875 0.0203125
2 0.24140625 0.4875 0.040625 0.01875
2 0.43515625 0.48203125 0.028125 0.0125
3 0.23203125 0.496875 0.02109375 0.015625
3 0.4375 0.49296875 0.01953125 0.01015625
4 0.2109375 0.52421875 0.03984375 0.053125
4 0.2671875 0.51171875 0.053125 0.06171875
4 0.4484375 0.5203125 0.05859375 0.0484375
7 0.78515625 0.5140625 0.4296875 0.590625