5 0.0515625 0.40078125 0.046875 0.0828125
5 0.1078125 0.3875 0.05 0.175
5 0.1546875 0.43359375 0.059375 0.165625
5 0.45078125 0.26953125 0.03203125 0.15078125
5 0.57890625 0.32109375 0.04375 0.08828125
5 0.7453125 0.240625 0.04375 0.12265625
5 0.9765625 0.4 0.0453125 0.1796875
5 0.93359375 0.390625 0.0296875 0.1546875
5 0.80859375 0.3 0.0359375 0.1
0 0.03515625 0.37578125 0.02109375 0.025
0 0.10234375 0.32265625 0.021875 0.02578125
0 0.14609375 0.3625 0.01953125 0.025
0 0.45625 0.20390625 0.015625 0.02578125
0 0.57734375 0.29453125 0.01796875 0.02265625
0 0.759375 0.19921875 0.015625 0.028125
0 0.803125 0.25859375 0.0171875 0.02421875
0 0.93125 0.3296875 0.01796875 0.025
0 0.975 0.32734375 0.01796875 0.0265625
6 0.05546875 0.39921875 0.034375 0.046875
4 0.10703125 0.37421875 0.0390625 0.07109375
4 0.15625 0.41796875 0.0265625 0.07265625
4 0.4515625 0.26015625 0.02265625 0.07578125
4 0.57421875 0.33125 0.02421875 0.04921875
4 0.734375 0.23046875 0.03203125 0.059375
4 0.8015625 0.3078125 0.0265625 0.0671875
4 0.93515625 0.3734375 0.0265625 0.05546875
4 0.975 0.36640625 0.03515625 0.0625