5 0.09609375 0.2890625 0.1171875 0.4515625
5 0.6234375 0.32421875 0.0734375 0.3046875
5 0.66640625 0.234375 0.04140625 0.2796875
5 0.71484375 0.2 0.025 0.15546875
5 0.79296875 0.25859375 0.040625 0.2203125
5 0.7390625 0.303125 0.06953125 0.3203125
5 0.98515625 0.2921875 0.02890625 0.28359375
0 0.1265625 0.1046875 0.0671875 0.078125
0 0.671875 0.128125 0.0203125 0.03515625
0 0.71484375 0.14296875 0.0171875 0.028125
0 0.72734375 0.175 0.02109375 0.03125
0 0.79609375 0.19375 0.02109375 0.04375
0 0.98984375 0.17578125 0.0203125 0.046875
6 0.08828125 0.33359375 0.0921875 0.3046875
2 0.60546875 0.2 0.01953125 0.028125
4 0.628125 0.29296875 0.05625 0.10625
4 0.74609375 0.2515625 0.034375 0.10546875
4 0.79296875 0.2609375 0.0265625 0.090625
6 0.6703125 0.20234375 0.0328125 0.09921875
6 0.7125 0.21484375 0.02578125 0.08515625
4 0.9875 0.265625 0.02421875 0.109375
7 0.8515625 0.87421875 0.2046875 0.25078125
8 0.65078125 0.74765625 0.1140625 0.47734375
5 0.78671875 0.92421875 0.0296875 0.1328125
2 0.78828125 0.88046875 0.01640625 0.01875
4 0.7859375 0.9296875 0.02109375 0.0734375