5 0.1234375 0.5734375 0.2265625 0.85234375
5 0.60625 0.46953125 0.16796875 0.740625
5 0.84453125 0.64921875 0.1859375 0.49609375
5 0.78046875 0.43515625 0.15078125 0.66484375
6 0.09921875 0.4359375 0.15 0.34140625
6 0.63359375 0.3703125 0.11015625 0.275
6 0.77421875 0.3453125 0.1453125 0.26328125
6 0.8484375 0.6234375 0.13046875 0.23671875
0 0.11015625 0.1828125 0.07421875 0.07109375
0 0.646875 0.14453125 0.0609375 0.06328125
0 0.75546875 0.14453125 0.065625 0.07421875
0 0.81875 0.434375 0.08203125 0.06953125
3 0.1046875 0.26328125 0.03515625 0.040625
3 0.6453125 0.20859375 0.040625 0.0421875
3 0.75625 0.20625 0.04375 0.03671875
3 0.82734375 0.51015625 0.046875 0.04375