5 0.26953125 0.42421875 0.084375 0.5109375
5 0.375 0.3765625 0.06953125 0.50078125
5 0.475 0.38359375 0.10625 0.565625
5 0.66875 0.375 0.10390625 0.58046875
5 0.871875 0.29609375 0.0625 0.29375
5 0.93984375 0.4375 0.1203125 0.80625
0 0.1546875 0.109375 0.09140625 0.084375
0 0.26328125 0.18984375 0.0609375 0.04296875
0 0.39609375 0.159375 0.0625 0.03828125
0 0.4625 0.17421875 0.04296875 0.07109375
0 0.66640625 0.12578125 0.06640625 0.0578125
0 0.87421875 0.190625 0.05 0.0546875
0 0.934375 0.07578125 0.08515625 0.07578125
5 0.10859375 0.44375 0.1734375 0.83515625
6 0.12578125 0.31328125 0.14921875 0.2953125
6 0.25390625 0.32734375 0.09140625 0.16875
6 0.390625 0.29609375 0.071875 0.1390625
6 0.47421875 0.30390625 0.10703125 0.19765625
6 0.6671875 0.29140625 0.1265625 0.22578125
6 0.9453125 0.3296875 0.1015625 0.28046875
6 0.87578125 0.35703125 0.03828125 0.21328125
3 0.66640625 0.17109375 0.040625 0.03671875
3 0.14375 0.18359375 0.05546875 0.05234375
3 0.26171875 0.23125 0.04921875 0.03984375
3 0.39921875 0.19921875 0.034375 0.0328125
3 0.86796875 0.2375 0.034375 0.03671875
3 0.90703125 0.146875 0.0421875 0.03828125